tau=array([13.2041002 , 13.20486164, 13.22390717])
Mean acceptance fraction was 0.501

Details for posterior one-dimensional marginals:
                             min              P5             P25             P50             P75             P95             max            mean          stddev
           alpha +8.83011616e-04 +8.24592493e-02 +1.83564168e-01 +2.64021812e-01 +3.37890556e-01 +4.08867293e-01 +4.31131008e-01 +2.57427430e-01 +9.99609839e-02
              f0 +1.41687668e-01 +2.93888169e-01 +4.81893043e-01 +6.31450009e-01 +7.68835430e-01 +9.00867652e-01 +9.43079635e-01 +6.19207821e-01 +1.85874790e-01
              f1 +1.32586673e-04 +1.41623732e-04 +1.58623005e-04 +1.76334162e-04 +1.95604005e-04 +2.19889475e-04 +2.42606193e-04 +1.77918522e-04 +2.39827794e-05

Printing PDF output

Posterior means: [2.57427430e-01 6.19207821e-01 1.77918522e-04]

Best fit model: alpha=0.19802742847040036, f0=0.5084829081968314, f1=0.00019284953374903885
        Log Probability: -348.17305563405546
[0.00511219 0.0050479  0.00503624 0.00498964 0.00487363 0.0046725
 0.00472971 0.00460982 0.00447968 0.0044067  0.00434531 0.00413045
 0.00407072 0.00400066 0.00374763 0.00358057 0.00353419 0.0034981
 0.00345842 0.00343217 0.00340177 0.00338163 0.00331861 0.00328079
 0.00324068 0.00316966 0.00312277 0.00309489 0.00304607 0.00295428
 0.00293383 0.00289682 0.00286222 0.00279524 0.00274013 0.0026925
 0.00263266 0.00259329 0.00255655 0.00251523 0.00247724 0.00244844
 0.00242685 0.00240216 0.00237642 0.00236558 0.00235989 0.0023572
 0.00235709 0.00235798 0.00236438 0.00237898 0.00239816 0.00241358
 0.00246451 0.00250059 0.00252818 0.0025697  0.00263062 0.0027113
 0.00277094 0.00285552 0.00293898 0.00301934 0.00309793 0.00317941
 0.00329443 0.003379   0.0034888  0.00362605 0.00373486 0.00385292
 0.00403984 0.00417188 0.00428362 0.00445316 0.00460354 0.00473429
 0.00486152 0.00501604 0.0052324 ]
Predicted temperature for CO2 concentration [717.0] ppm:

        Median: 290.867 ± 0.0518506 K
        Mean:   290.865 ± 0.0518506 K
MCMC final -log likelihood function:  348.55679470994113
